,Epoch,Train_Loss,Train_Acc,Val_Loss,Val_Acc
0,1.0,1.6347745085518064,37.35952468680914,1.6261457394151126,37.99632352941177
1,2.0,1.6000643928172225,42.391304347826086,1.5358555253814248,49.981617647058826
2,3.0,1.5088288042592757,53.03288504053058,1.489527906039182,54.3014705882353
3,4.0,1.4696415587655745,57.00764554163596,1.4811897491707522,55.2389705882353
4,5.0,1.4500561833996586,58.99272291820191,1.4862275702111862,54.74264705882353
5,6.0,1.4372721668017112,60.22476050110538,1.5029692611273597,51.81985294117647
6,7.0,1.4265390485634941,61.272568165070005,1.4895013206145342,54.43014705882353
7,8.0,1.4120983436165615,62.769436256448046,1.4967568351941951,53.033088235294116
8,9.0,1.4011817112861527,63.957719233603534,1.4860245182233698,54.705882352941174
9,10.0,1.3871875679396317,65.43155858511422,1.49966158972067,53.27205882352941
