,Epoch,Train_Loss,Train_Acc,Val_Loss,Val_Acc
0,1.0,1.6338216303988424,37.274318349299925,1.6279384988195755,37.99632352941177
1,2.0,1.6334136754779491,37.345707442888724,1.629510913175695,37.92279411764706
2,3.0,1.6331704511480816,37.3572218128224,1.6270157572101145,37.99632352941177
3,4.0,1.558432001881329,47.579679439941046,1.5271265029907226,50.56985294117647
4,5.0,1.4912934843986105,54.85215549005159,1.5067563551313736,52.279411764705884
5,6.0,1.463270807011477,57.67547899778924,1.518766228241079,51.25
6,7.0,1.4427224963398304,59.69049373618276,1.5016376008005703,53.088235294117645
7,8.0,1.4234950607896466,61.50515843773029,1.5084600381991442,52.35294117647059
8,9.0,1.4055498939010267,63.40502947678703,1.518671249291476,51.0110294117647
9,10.0,1.3831675586317425,65.70099484156226,1.500689365933923,53.143382352941174
10,11.0,1.3637607059411996,67.75515843773029,1.5031884712331436,52.904411764705884
11,12.0,1.3493425941414576,69.08852247605012,1.5069417816751143,52.66544117647059
12,13.0,1.3380336010377023,70.25607958732498,1.512515496155795,52.07720588235294
13,14.0,1.3269956806783036,71.38448784082534,1.506302567089305,52.33455882352941
14,15.0,1.3162772339235445,72.44611274871039,1.5191941997584175,51.231617647058826
15,16.0,1.303430148847154,73.8117170228445,1.4993125501800986,53.419117647058826
16,17.0,1.2908726284059429,75.09441783345615,1.5092638012240915,52.224264705882355
17,18.0,1.279885644937317,76.16525423728814,1.514996605760911,51.61764705882353
18,19.0,1.2660802427072602,77.59994473102432,1.5017248974126929,53.1985294117647
19,20.0,1.2585440800307688,78.36219602063375,1.5142065865152023,51.8014705882353
20,21.0,1.2495996124971063,79.23959100957995,1.5133194853277767,51.74632352941177
21,22.0,1.2400196143257856,80.21140383198231,1.5112654486123254,52.1139705882353
22,23.0,1.232716213365469,80.93680913780398,1.5161083873580483,51.580882352941174
23,24.0,1.226225212864254,81.63227708179808,1.5165731815730825,51.4889705882353
24,25.0,1.2218587003653771,82.05140014738393,1.5013137522865745,53.27205882352941
25,26.0,1.2152234125681984,82.71462785556375,1.506277828356799,52.64705882352941
